245965527935
245965603167
245965054404
245965802484
245965110957
245965672040
245965037844
245965450945
245965900958
245965058197
245965867999
245965313685
245965359275
245965093176
245965939200
245965091654
245965959902
245965928282
245965606197
245965002304
245965479892
245965119036
245965959553
245965040472
245965529181
245965362785
245965291475
245965892894
245965089049
245965399192
245965304723
245965958611
245965448610
245965432229
245965572596
245965364965
245965764461
245965974069
245965606429
245965382910
245965181772
245965406512
245965081093
245965885675
245965415388
245965088073
245965390056
245965215833
245965145735
245965537328
245965336601
245965503432
245965882886
245965217346
245965757982
245965434417
245965304317
245965980971
245965207479
245965187492
245965218352
245965913334
245965646399
245965275649
245965656994
245965159866
245965188962
245965110321
245965125754
245965992129
245965183273
245965015562
245965100327
245965964255
245965928217
245965095602
245965075130
245965451007
245965326545
245965523337
245965070670
245965246248
245965521710
245965539779
245965673661
245965002275
245965998541
245965994415
245965010443
245965992086
245965897805
245965768556
245965527350
245965930948
245965949628
245965576006
245965058970
245965454438
245965840986
245965804777
